max(difference in z between method 1 and 2)/eps 0.000000

Coefficients to estimate:
b =

     0     1     1

Coefficients for model: z(t) = b(1)*u(t)+b(2)*u(t-1)
ans =

    0.0116    1.0284

Coefficients for model: z(t) = b(1)*u(t)+b(2)*u(t-1)+b(3)*u(t-2)
ans =

   -0.0000    1.0000    1.0000

Coefficients for model: z(t) = b(1)*u(t)+b(2)*u(t-1)+b(3)*u(t-2)
ans =

    0.0000    1.0000    1.0000    0.0000

max(difference in z between method 1 and 2)/eps 0.000000

Coefficients to estimate:
b =

     0     1     1

Coefficients for model: z(t) = b(1)*u(t)+b(2)*u(t-1)
ans =

   -0.0027    1.0117

Coefficients for model: z(t) = b(1)*u(t)+b(2)*u(t-1)+b(3)*u(t-2)
ans =

    0.0000    1.0000    1.0000

Coefficients for model: z(t) = b(1)*u(t)+b(2)*u(t-1)+b(3)*u(t-2)
ans =

    0.0000    1.0000    1.0000    0.0000

max(difference in z between method 1 and 2)/eps 0.000000

Coefficients to estimate:
b =

     0     1     1

Coefficients for model (cc=1.00): z(t) = b(1)*u(t)+b(2)*u(t-1)
ans =

   -0.0070    0.9996

Coefficients for model (cc=1.00): z(t) = b(1)*u(t)+b(2)*u(t-1)+b(3)*u(t-2)
ans =

    0.0000    1.0000    1.0000

Coefficients for model (cc=1.00): z(t) = b(1)*u(t)+b(2)*u(t-1)+b(3)*u(t-2)
ans =

    0.0000    1.0000    1.0000   -0.0000

max(difference in z between method 1 and 2)/eps 0.000000

Coefficients to estimate:
b =

     0     1     1

Coefficients for model (cc=1.00): z(t) = b(1)*u(t)+b(2)*u(t-1)
ans =

   -0.0245    0.9662

Coefficients for model (cc=1.00): z(t) = b(1)*u(t)+b(2)*u(t-1)+b(3)*u(t-2)
ans =

    0.0000    1.0000    1.0000

Coefficients for model (cc=1.00): z(t) = b(1)*u(t)+b(2)*u(t-1)+b(3)*u(t-2)
ans =

    0.0000    1.0000    1.0000    0.0000

max(difference in z between method 1 and 2)/eps 0.000000

Coefficients to estimate:
b =

     0     1     1

z

z =

         0
   -0.7193
   -0.7358
   -0.6586
   -1.8216
   -1.3169
   -1.8365
   -2.1216
   -0.4442
   -0.1661
    0.1920
   -0.4389
    0.5643
    1.5524
    1.8160
   -0.5388
   -3.0904
   -0.7318
   -0.8789
   -0.2500
   -1.6530
   -3.3405
    0.2463
   -0.0747
   -0.8109
    1.3776
    2.6405
    1.2512
    1.9022
    1.7875
    1.1289
   -0.1252
   -2.9387
   -2.7534
   -3.8401
   -1.7639
    0.9635
    0.7359
    0.5208
   -1.7373
   -0.7521
    0.3081
   -0.4862
    0.9569
    0.7501
    0.9315
    0.8541
    0.6080
   -0.3201
   -2.0185
   -1.6794
   -1.4413
   -0.5412
    0.0959
   -0.1389
    0.6432
    1.0300
    0.7060
   -0.0567
   -0.7017
   -2.1730
   -1.7138
   -0.5565
   -0.0705
    1.0355
    0.0945
   -1.6552
   -0.6659
    0.2335
    1.1377
    2.3045
    0.8307
   -1.7982
   -1.4474
   -0.4347
   -1.1183
   -1.0091
   -1.4851
   -2.2187
   -1.3340
   -0.2631
    1.2883
    0.9078
   -1.3928
   -0.5934
    1.0385
    2.1523
    0.7861
   -0.8280
   -0.0126
    0.2798
   -0.5915
    0.0964
    0.7872
    0.9321
    0.6006
    0.5410
    1.4707
    0.4711
   -1.5607
   -0.8632
    0.3773
    1.1197
    0.9357
    0.1342
    0.3263
   -0.6421
   -0.6042
    0.4353
    0.1897
   -0.7930
    0.1272
   -0.2545
   -2.2844
   -1.2688
   -1.0536
   -2.6918
   -1.4233
    0.6591
   -0.0352
   -0.1550
   -0.9189
   -1.3522
   -1.1580
   -2.1037
   -1.8644
   -3.2190
   -1.5740
   -1.0192
   -1.7737
    0.2952
   -0.5923
   -0.9536
    2.1288
    3.1800
    0.5832
   -1.1548
   -1.0017
   -1.2374
   -0.4506
    0.1492
   -2.8337
   -1.1119
    1.5487
    1.0430
    0.5929
   -0.7910
   -1.1066
   -2.9784
   -1.8396
    2.9510
    2.4874
    0.6692
    1.7538
    1.4866
    1.3747
    2.4276
    0.2416
   -0.5480
    1.7166
    1.2018
    0.3809
    1.2046
    2.0239
    1.2631
    0.6980
   -1.0731
   -1.0538
   -0.9661
   -1.2665
    0.3461
   -0.5280
   -0.2336
    1.2561
    1.1190
   -0.3989
   -1.7770
   -0.7877
   -0.8270
   -2.1169
   -0.8707
   -1.8539
   -2.0408
   -2.0395
   -0.1084
    1.9398
    0.3979
    0.3159
    1.4728
    1.4362
    1.2303
    2.0276
   -1.2084
   -2.1915
   -0.7857
    1.0408
    0.3896
   -0.8237
    0.0243
   -1.3755
   -0.7493
   -1.2450
   -2.1802
    0.8506
    1.0970
   -0.9622
   -1.0071
    0.7781
    3.3973
    0.9647
   -1.6452
    1.7647
    1.9742
   -2.1516
   -1.4569
   -0.5442
   -3.0058
   -1.9717
    0.6593
   -0.4992
   -2.7833
   -3.8521
   -0.7769
    1.9530
    1.6074
   -0.0932
   -0.3264
   -0.4207
   -2.2052
   -1.3579
   -0.3997
   -1.1445
   -0.6107
    0.4833
    0.0767
    1.7939
    0.2599
   -0.7991
    0.8424
   -0.5883
   -1.6611
   -2.7443
   -2.9794
   -3.2218
   -2.3602
   -0.0141
    0.5841
   -0.3934
   -0.8998
   -0.5810
    0.5762
    0.7472
   -0.3910
    0.0744
    0.6125
   -3.0919
   -5.2818
   -1.8354
    0.9561
    0.2398
   -0.4713
   -1.2379
   -3.7290
   -2.1482
    0.9025
    0.1197
   -0.8933
   -0.6701
   -0.1112
    0.6827
   -0.6847
    1.8047
    2.6391
   -0.6883
   -1.4434
   -0.1495
    0.7171
   -0.0419
    1.7155
    1.3458
   -1.2887
   -1.5359
   -1.8533
   -2.9839
   -0.9106
    2.0684
    1.6109
    2.2078
    0.2839
   -2.9197
   -0.4469
    2.8398
    2.0900
    0.3179
    1.3315
    1.6405
    0.0382
   -1.0636
   -0.1988
   -0.0979
   -1.9377
   -1.2400
    0.6792
    1.0877
    1.8942
    1.0327
    0.2638
   -0.4945
    1.6340
    3.1515
    0.0012
   -1.0210
    0.1497
   -0.2209
   -1.0750
   -0.7983
   -0.7568
    0.7811
    0.7757
    0.2741
   -0.8026
    0.0886
    1.6156
    1.5564
    0.8281
    0.5643
    1.0092
    1.3010
    1.7351
    1.1241
    2.0810
    1.2573
    0.2802
   -0.1718
   -0.4426
   -2.9192
   -4.0389
   -0.7924
   -1.0954
   -1.7901
   -1.6221
   -0.7779
    0.4547
    0.4692
    0.2269
   -1.0957
   -1.1020
   -1.7893
   -2.3850
   -0.3034
   -1.2040
   -1.7427
    1.7384
    3.0321
    1.2260
   -0.1066
   -1.2487
   -1.1033
    0.0883
   -0.2251
   -0.6226
   -0.9673
   -0.1114
    1.6147
   -0.8563
   -1.6047
    0.9103
   -0.7437
   -1.3627
   -0.4803
   -0.4723
    1.5155
    2.4799
    3.1317
    3.0979
    0.7748
    1.8707
    1.5576
   -1.0914
   -1.3515
    1.2145
    1.8869
   -0.5127
    0.9069
   -0.1524
   -0.8540
    0.5612
   -0.7926
   -1.5950
   -0.7960
    1.0777
    0.6227
   -1.2704
    0.1971
    1.1839
    1.6153
    2.0489
    0.9491
    0.4599
   -0.1926
   -0.3590
   -1.8189
   -2.1661
   -2.7407
   -1.7369
    0.1389
   -3.4964
   -3.8741
    0.6383
    3.5142
    1.9125
    0.7472
    0.8952
    1.0588
    0.4879
   -0.5367
   -0.3341
    0.3659
    0.8953
   -0.3556
   -1.4269
   -2.7169
   -1.6927
    1.1669
    3.3505
    2.7587
   -0.2874
   -0.7712
    0.5470
   -0.5476
   -0.9184
   -0.4200
   -0.9311
   -0.2761
   -0.1512
   -1.0502
   -1.9906
   -1.8014
   -1.5203
   -0.2592
    0.2372
    0.3045
    1.3846
    0.3479
   -2.3798
   -1.2481
    0.9997
    0.3949
    2.2258
    0.7280
    0.3499
    0.6248
   -2.3371
   -2.4576
   -0.4617
   -0.1883
   -0.1305
    0.8512
   -0.7001
   -0.0663
    1.7340
    2.3674
   -0.4378
   -2.5991
   -0.6961
   -1.1217
    0.0455
    1.1773
   -0.5756
   -0.3796
   -0.5412
    0.0516
    0.0172
   -0.9863
    0.2568
   -0.0049
   -1.5126
   -1.3164
   -0.8597
   -0.7591
   -0.0223
   -0.5100
   -0.0182
    1.4344
    0.3285
   -0.0423
    0.1548
    0.3599
    0.1730
    0.0222
    0.6131
    0.7233
   -0.1966
   -2.1777
   -1.3245
    0.4059
   -1.4192
   -0.8867
    1.9211
    0.6153
   -1.4861
   -1.5207
   -1.5219
   -1.4692
   -0.3051
    0.1341
    1.1788
    0.5406
   -1.9950
   -1.5515
    0.8089
    2.2316
   -0.2065
   -2.3125
    0.2119
    2.0849
   -0.6753
   -3.4011
   -0.8791
    0.5260
   -1.8124
   -1.4066
    1.0327
    2.4414
   -0.7212
   -0.7505
    1.4053
   -0.8428
   -0.5740
    0.7493
    0.0481
    0.5157
    0.9949
    1.1452
    2.1665
    1.2071
    1.8450
    2.1762
   -0.1939
   -0.2256
   -0.0510
   -0.3471
   -0.2075
   -0.1685
    1.5564
    2.8267
    2.3741
    1.2575
   -0.5501
   -0.9969
   -0.3523
    0.1408
    0.1412
    0.0518
    1.4486
    2.9373
    2.2980
   -0.5618
   -2.1924
   -1.3236
    0.3537
    1.1031
